90

87

88

88

88

88

88

88

87

87

87

87

87

87

87

87

87

87

87

87

87

87

87

87

87

87

87

87

87

87

87

87

87

87

87

87

87

87

87

87

87

87

87

87

87

87

87

87

87

87

87

87

87

87

87

87

87

87

87

87

87

87

87

87

87

87

87

87

87

87

87

87

87

87

87

87

87

87

87

86

86

86

86

86

86

86

86

86

86

86

86

86

86

86

86

85

86

86

86

86

86

85

85

85

85

84

84

84

83

83

83

83

83

82

83

83

82

82

82

82

81

81

81

81

80

79

80

79

78

77

77

76

76

76

75

72

72

69

69

69

68

70

69

68

67

66

66

66

65

65

65

60

54

48

44

43

43

42

41

37

26

29

27

24

15

15

14

21

17

17

 9